40.863
34.431
36.453
41.046
39.578
32.718
34.642
40.542
39.383
33.378
34.741
40.475
38.919
33.176
34.334
40.351
39.329
34.454
35.068
40.517
38.267
33.157
33.912
40.305
37.904
33.703
34.164
40.305
37.287
32.885
33.834
40.202
37.890
34.515
34.940
40.487
36.608
33.133
33.556
40.298
36.878
34.102
33.886
40.337
36.394
33.471
33.468
40.257
37.384
35.105
34.460
40.747
36.779
33.777
33.266
40.592
37.394
34.285
34.168
40.418
36.917
33.471
33.692
40.477
37.830
35.076
35.569
40.899
36.954
33.601
34.065
40.507
36.762
34.413
33.736
40.398
35.763
33.738
32.855
40.277
36.678
35.659
34.244
40.813
35.551
34.593
33.704
40.424
35.921
35.103
34.535
40.497
35.343
34.309
34.016
40.374
36.346
35.289
35.023
40.738
35.591
34.534
34.749
40.671
36.475
35.256
35.653
40.888
36.293
34.808
35.099
40.936
38.158
35.980
36.638
41.453
37.015
34.756
35.486
41.209
37.375
35.198
35.699
41.095
36.862
34.447
34.881
40.678
37.925
36.028
35.504
40.896
37.049
35.341
34.321
40.835
37.848
36.332
35.554
41.482
37.423
35.246
34.765
41.038
38.099
35.893
35.223
41.085
37.934
34.831
35.056
40.669
38.995
36.235
36.394
41.059
37.841
34.218
35.509
40.408
38.250
35.231
36.009
40.509
37.412
34.306
34.969
40.255
38.200
35.634
36.228
40.798
36.924
34.435
35.228
40.008
37.321
35.191
35.920
40.298
36.965
34.321
34.996
39.494
37.854
35.734
36.046
40.217
37.086
34.677
34.774
39.690
38.025
35.641
35.575
40.239
38.116
35.040
34.627
40.399
38.987
36.166
35.699
41.019
38.316
35.106
34.674
40.652
38.940
35.412
35.809
40.659
38.702
34.737
35.284
40.611
38.907
35.875
35.909
40.829
37.845
34.335
34.864
40.605
37.433
34.786
35.112
40.618
37.097
34.069
34.720
40.486
38.465
35.683
35.910
40.980
37.445
34.510
34.745
40.544
37.424
35.098
34.952
40.737
36.862
34.365
34.699
40.298
38.451
35.992
36.271
40.937
37.509
34.802
35.300
40.687
36.900
34.584
35.212
40.365
37.964
35.623
36.236
40.745
37.015
34.581
35.174
40.289
36.827
34.329
35.110
40.443
38.075
35.357
36.272
40.853
36.991
34.310
35.041
40.362
37.004
35.141
35.337
40.841
36.830
34.978
35.837
41.015
39.078
37.272
37.326
42.192
38.987
35.383
37.145
41.539
40.608
35.785
38.173
41.556
41.225
34.691
36.973
40.791
41.411
35.811
37.181
41.130
40.557
35.391
36.483
40.944
41.019
36.988
37.440
41.711
40.625
37.769
37.642
42.137
42.611
39.914
39.494
43.945
41.805
40.494
39.219
44.691
42.701
42.380
40.445
46.502
42.698
42.624
41.245
47.458
43.112
43.445
40.988
48.293
43.451
43.652
40.858
48.225
43.522
43.564
41.056
48.064
43.618
43.301
40.957
47.607
43.460
42.832
40.913
46.977
45.055
43.491
43.052
48.209
40.238
38.172
38.572
45.545
39.292
37.623
37.641
44.436
38.168
36.925
35.875
44.389
39.283
38.678
37.055
44.650
38.672
38.292
37.384
44.567
38.457
37.573
37.781
44.260
39.440
37.964
39.059
44.474
39.243
38.082
38.927
44.336
41.127
39.655
39.825
44.497
39.604
39.235
39.123
44.820
40.625
40.479
39.905
45.459
40.843
40.626
39.851
45.731
41.256
40.522
39.603
45.813
41.470
39.858
39.876
45.898
41.046
39.666
39.130
45.575
40.476
38.878
39.289
44.723
40.315
38.652
39.230
44.176
38.809
37.600
38.426
43.669
39.741
38.484
38.626
43.859
39.626
38.339
38.686
43.433
40.135
38.658
38.535
43.839
40.774
39.152
38.509
44.406
40.699
39.317
38.687
44.519
40.405
39.043
38.826
43.965
40.131
38.546
38.615
43.947
39.390
37.783
37.867
43.603
39.059
37.759
37.538
43.152
38.323
37.973
37.186
43.195
38.092
38.478
37.308
43.802
38.465
38.593
37.709
43.994
38.872
38.617
36.758
43.570
38.362
38.373
36.377
43.556
35.590
36.578
34.395
43.116
36.395
37.028
34.953
42.812
36.521
36.709
34.799
42.986
37.935
37.331
35.589
42.869
36.946
36.381
34.808
42.207
37.607
36.999
35.526
42.388
38.250
36.627
35.813
42.523
39.566
37.396
37.293
42.884
38.964
36.363
35.962
42.742
38.901
36.999
35.698
43.003
38.669
36.422
35.685
42.792
39.616
37.939
36.766
43.092
38.412
36.635
35.351
42.484
38.147
37.225
35.471
42.306
37.775
36.611
34.263
42.160
38.811
37.460
35.627
42.220
37.340
35.988
34.368
41.977
37.171
36.381
34.758
41.703
36.693
36.117
34.294
41.645
37.987
36.966
35.776
41.873
37.327
35.784
34.891
41.591
37.121
35.822
35.054
41.585
37.205
35.251
34.504
41.695
38.287
36.645
35.659
41.893
37.846
36.048
34.474
41.495
37.802
36.399
35.005
41.963
37.972
36.009
34.757
41.755
37.943
36.706
35.604
42.192
37.929
35.769
35.247
42.098
37.984
36.321
35.650
42.248
38.192
35.431
35.499
42.421
38.804
36.833
36.842
42.882
38.047
35.546
35.960
42.633
38.061
36.286
36.439
42.457
37.369
35.512
35.939
42.105
38.598
36.511
37.075
42.247
37.258
34.522
35.914
41.690
37.381
34.701
36.017
41.367
36.444
33.983
35.223
40.911
37.912
35.237
36.814
41.294
36.981
33.964
35.222
40.907
37.057
35.129
36.097
41.340
36.773
34.681
35.507
41.510
37.950
35.835
36.607
41.712
37.386
34.557
35.256
41.435
37.581
35.314
35.883
41.412
36.974
34.633
35.423
41.519
38.260
35.618
36.859
41.854
36.910
34.882
35.861
41.427
37.596
35.699
36.722
41.857
37.039
35.284
36.916
41.838
37.794
36.921
37.736
42.344
36.760
35.636
37.681
41.868
37.543
37.445
38.206
42.684
36.756
36.015
37.913
42.332
37.478
36.588
38.217
42.502
36.949
35.708
38.325
42.486
37.816
36.891
39.001
42.747
36.632
35.519
38.708
42.430
37.673
36.109
39.309
42.913
37.489
35.544
38.819
42.794
39.311
37.157
39.610
43.196
38.989
36.796
38.886
42.985
38.268
36.454
38.409
42.556
39.733
37.158
38.566
42.896
38.916
36.346
37.762
42.567
40.025
36.841
37.793
42.736
40.169
36.368
37.475
42.420
39.309
35.302
37.415
42.352
40.286
36.155
37.663
42.556
40.069
35.069
37.678
42.306
40.167
35.820
38.416
42.414
40.122
35.013
38.476
42.604
41.370
36.202
38.953
43.113
40.714
36.263
39.055
43.484
40.931
36.092
38.858
43.936
40.773
36.072
38.310
43.669
40.310
35.522
37.893
43.217
39.724
34.446
36.839
42.684
40.255
35.168
37.891
42.803
38.522
33.914
35.545
42.196
37.781
34.093
36.832
42.022
37.873
33.256
34.834
41.604
38.728
34.832
37.501
42.048
37.059
32.798
34.846
41.272
36.981
33.548
34.832
41.442
36.752
32.954
36.023
41.364
37.757
34.081
36.440
41.537
36.609
32.734
35.420
40.925
36.525
33.499
34.888
40.801
36.054
32.698
34.844
40.773
37.090
34.093
36.672
41.495
36.249
33.101
35.243
40.863
36.371
34.143
35.579
40.963
35.978
33.500
35.240
40.779
37.022
34.979
36.220
41.270
35.982
33.323
34.762
40.444
36.156
33.984
35.325
40.388
35.514
33.173
34.671
40.318
36.523
34.717
36.262
40.776
35.682
33.241
35.102
40.390
36.230
33.619
35.337
40.323
35.433
33.181
35.086
40.440
36.791
35.017
36.027
40.707
35.192
33.382
35.193
40.327
35.818
33.826
35.541
40.445
35.242
33.176
35.236
40.101
36.890
34.477
37.083
40.966
34.813
33.290
34.557
40.265
35.725
34.073
35.195
40.599
35.154
33.138
35.807
40.280
36.685
34.395
36.810
40.866
35.821
32.972
36.292
40.342
36.125
33.519
36.189
40.490
35.728
32.989
35.968
40.389
36.878
34.721
36.776
40.910
35.460
33.078
35.769
40.369
35.810
33.638
36.059
40.309
34.737
33.033
35.533
40.210
36.364
34.671
36.759
40.672
34.737
32.997
34.590
40.112
35.498
33.614
35.225
40.450
35.068
32.949
36.001
40.344
35.976
34.463
36.805
40.825
34.813
33.062
35.256
40.099
35.308
33.580
34.862
40.240
34.323
32.937
35.265
39.985
35.843
34.576
36.825
40.628
34.371
32.920
35.358
39.755
34.826
33.758
35.523
39.954
34.470
32.985
35.575
39.559
35.687
34.384
36.237
40.141
34.186
32.914
35.399
39.548
34.682
33.782
35.100
39.693
33.983
32.944
35.491
39.633
34.796
34.319
35.723
39.925
33.970
32.808
35.078
39.400
34.032
32.706
34.234
39.430
